        6   0   1   8   1  10   8   6   2   6
16  R   0   0   0   4   1   5   2   1   0   0
37  R   5   0   1  -2   0   0  -2   3   0   4
 9  R   0   0   0   5  -1   0   1   2   2   1
27  R   0   0  -1   0   0   0   4  -3  -2  -5
11  R   0   0   0   1   0   2  -2  -1   1   3
13  R  -2   0   1  -8   1   3   3   2   0  -1
25  R  -3   0   0   5   0   0  -1  -3   0   0
 8  R   4   0   0   1  -1  -1   0  -1   1  -2
12  R   2   0  -1   0   1  -3   0   0  -2   2
24  R   0   0   1   1   0   0   2   2   0   2
22  Q
