        5   6   2   5   0   3   2   6   3   8
31  R   0   3   1   4   0   0   1   2   2   8
26  R   1   0  -1  -3   0   1   0   3   0  -2
24  R   4   0   0   2   0   2   1  -2  -2  -5
10  R  -2   0   1   0   0   0  -1   0   1   0
20  R  -2   0   1   2   0  -3  -1   0   0  -1
34  R   4   1  -1  -3   0   3   0   3  -1   4
15  R  -1   0   0   3   0   0   0  -5   0  -3
 8  R   1   2   0   0   0  -3   0   3   3   0
14  R  -2  -4  -1  -5   0   2   2  -3  -2  -1
34  R   0   0   0   3   0   1  -2   0   1   8
31  Q
