        4   5   1   6   3   4   3   4   6   1
10  R   4   3   0   0   0   2   0   1   0   1
35  R   0  -2   0   6   2   0   0   2   4  -1
31  R  -2   0   0  -4  -1   0   0   1   0   1
21  R   0  -1   0   0   2   0   0  -2   0   0
14  R   1   5   1  -2  -1  -2   0   0   0   0
22  R  -1  -2   0   0   0   4   0  -1   0   0
22  R   0  -2   0   3  -2  -3   0  -1  -3  -1
12  R   0   2   0   0   0   2   2   4   2   1
29  R  -1   1  -1   0   0   0   1  -1  -1   0
22  R  -1   1   1  -2   2  -1  -1   0   2   0
 5  Q
