        2   7   2   9   2   7  11   6   2   2
30  R   1   7   0   2   0   7   3   1   1   0
26  R   0  -3   2   5   0  -5   0   2   0   2
 6  R  -1  -2  -1   2   0   1  -2  -2   0  -1
19  R   2  -1   1  -8   2  -3   4   3   0   1
28  R  -2   4  -2  -1  -2   2  -5  -1   0  -1
38  R   2  -2   2   8   1  -2   2   0   1   0
17  R  -2   1   0   0  -1   1   0   0  -2   0
13  R   2   0  -1   1   0   0  -2  -3   2   0
13  R  -1   2   0  -5   0  -1  11   6   0   0
20  R   0  -5   0  -3   1   6  -8  -1   0   0
29  Q
