20
    1        0   14  116   10  152    7   96    1   50    8  113    9  111   10   73    5  198    4  -1
    2       98   11  103   14  105   14  129   12   64   14  183    5  109   11  101   11  190   12   78   11  -1
    3      187  133  135  277   52  288  128  100  122  148  135  247  -1
    4      463    1  103    4  113    3   95    4  132    6  180    7   88   10  -1
    5      659    9  132   10  117   13  159    3  -1
    6      906   14   54    9  155    7  150   10  -1
    7     1269    8  184    1  152    9   91    7  168    6   67    3  -1
    8     1450    8   79   11  106    6  127   15   78    8   80    2  107    9  190   10  -1
    9     1553   11   50    3  136   11  170    9  -1
   10     1985  114  134  109   96  199  144  189  -1
   11     2297    2  147   12   83    7  191   12   74   13   99    3  156   13   82   11  135    6  138    1  -1
   12     2388    5  145    2   81    3  102    5  107    3  154   14  -1
   13     2644   10   55   10   66   12  129    7  148    1   58   15  161    9  153    6  193    5  -1
   14     2701    1  175    1  150   10   88   10   81    1   85    6  169    6  110    9  141   10  -1
   15     3086    1  121    8  107    7   55    5   77    1  -1
   16     3532    3  186   10  187   13  115   11  157   14  101    1  189    1  107    5  147   11  -1
   17     3846    8  150    7  107    3  126    7  174    9  -1
   18     3942   12  100   14  122   12   67   15  110    9  151    6   74    1  -1
   19     4350    8   59   11  176   14   60    3  -1
   20     4685    1  194   12  119   10  129    1  -1
